000000000000000000000000000000000000000000000000000000000000000000000000000000
000000000000000000000000000000000000000000000000000000000000000000000000000000
000000000000000000000000100000000000000000000000000000000000000000000000000000
000000000000000000000000010000000000000000000000000000000000000000000000000000
000000000000000000000001110000000000000000000000000000000000000000000000000000
000000000000000000000000000001101101000000000000000000000000000000000000000000
000000000000000000000000000000101011000000000000000000000000000000000000000000
000000000000000000000000000000101000000000000000000000000000000000000000000000
000000000000000000000000000000011000000000000000000000000000000000000000000000
000000000000000000000001100000000000000000000000000000000000000000000000000000
000000000000000000000001001011000000000000000000000000000000000000000000000000
000000000000000000000000011010000000000000000000000000000000000000000000000000
000000000000000000000000001010000011010000000000000000000000000000000000000000
000000000000000000000000010011100010110000000000000000000000000000000000000000
000000000000000000000000001100010000000000000000000000000000000000000000000000
000000000000000000000000000011110000000000000000000000000000000000000000000000
000000000000000000000000000010000000000000000000000000000000000000000000000000
000000000000000000000000001010110000000000000000000000000000000000000000000000
000000000000000000000000001100100000000000000000000000000000000000000000000000
000000000000000000000000000000101000000000000000000000000000000000000000000000
000000000000000000000000000000011000000000000000000000000000000000000000000000
000000000000000000000000000000000000000000000000000000000000000000000000000000
000000000000000000000000000000000000000000000000000000000000000000000000000000