000000000000000000000000000000000000000000000000000000000000000000000000000000
000000000000000000000000000000000000000000000000000000000000000000000000000000
000000000000000000000000000000000000011000000000000000000000000000000000000000
000000000000000000001101100000000000100000000000000000000000000000000000000000
000000000001100100001111111000000000110000000000000000000000000000000000000000
000000000011100100001000000100000000110000000000000000000000000000000000000000
000000000100111011000000000010011110100000000000000000000000000000000000000000
000000000000000001101000010000111000000000000000000000000000000000000000000000
000000001000000001100000000110000000110000000000000000000000000000000000000000
000000111010000000100000000010000000000000000000000000000000000000000000000000
000001110000000000000000000000000000000000000000000000000000000000000000000000
000010000000000000000000000000000000000000000000000000000000000000000000000000
000001110000000000000000000000000000000000000000000000000000000000000000000000
000000111010000000100000000010000000000000000000000000000000000000000000000000
000000001000000001100000000110000000110000000000000000000000000000000000000000
000000000000000001101000010000111000000000000000000000000000000000000000000000
000000000100111011000000000010011110100000000000000000000000000000000000000000
000000000011100100001000000100000000110000000000000000000000000000000000000000
000000000001100100001111111000000000110000000000000000000000000000000000000000
000000000000000000001101100000000000100000000000000000000000000000000000000000
000000000000000000000000000000000000011000000000000000000000000000000000000000
000000000000000000000000000000000000000000000000000000000000000000000000000000
000000000000000000000000000000000000000000000000000000000000000000000000000000